[1, 0, 6, 10, [-2, -8]],
[1, 1, 6, 10, [-4, -12]],
[1, 2, 6, 10, [-5, -14]],
[1, 3, 6, 10, [-6, -17]],
[1, 4, 6, 10, [-6, -17]],
[1, 5, 6, 10, [-7, -20]],
[1, 6, 6, 10, [-7, -20]],
[1, 7, 6, 10, [-9, -25]],
[1, 8, 6, 10, [-9, -25]],
[1, 9, 6, 10, [-10, -29]],
[1, 10, 6, 10, [-10, -29]],
[1, 11, 6, 10, [-12, -34]],
[1, 12, 6, 10, [-12, -34]],
[1, 13, 6, 10, [-14, -39]],
[1, 14, 6, 10, [-14, -39]],
[1, 15, 6, 10, [-14, -39]],
[1, 16, 6, 10, [-15, -44]],
[1, 17, 6, 10, [-15, -44]],
[1, 18, 6, 10, [-15, -44]],
[1, 19, 6, 10, [-17, -49]],
[1, 20, 6, 10, [-17, -49]],
[1, 21, 6, 10, [-18, -54]],
[1, 22, 6, 10, [-18, -54]],
[1, 23, 6, 10, [-20, -60]],
[1, 24, 6, 10, [-20, -60]],
